4.286126956085240636e+02 7.202183792009068384e+02
4.135724193346534889e+02 7.213724061436956845e+02
4.039919121714693233e+02 7.142760016366211175e+02
4.082515267648094550e+02 7.029850536689397131e+02
4.310513494502583285e+02 6.871389288210301629e+02
4.139299751745525668e+02 6.633918101498815076e+02
4.093756750383391250e+02 6.428572355233731059e+02
4.029551596849494217e+02 6.339520660216923034e+02
3.928198297286625689e+02 5.919174957186858137e+02
3.903051696431116397e+02 5.618286114351780043e+02
3.907110930927122467e+02 5.440460465907902972e+02
3.993032153790779262e+02 5.110165466323626902e+02
4.217945332045958935e+02 4.518597474332844399e+02
4.251939332890334526e+02 4.359358980049519801e+02
4.239799594546295793e+02 4.214102297301550948e+02
4.154990750749910262e+02 4.048316422500052454e+02
3.788905657815307677e+02 3.799692512645195848e+02
3.650089860738337961e+02 3.497083394541892858e+02
3.630146004887417348e+02 3.258447415741657665e+02
3.644610729392598500e+02 3.205127495367468669e+02
3.685610820161712695e+02 3.186318578582163923e+02
3.809754602977637319e+02 3.369970340704971363e+02
3.962827834803924247e+02 3.446982262079400243e+02
4.174696185403656727e+02 3.378515738081107429e+02
4.258361518691459651e+02 3.304223100403884814e+02
4.103937486600726174e+02 2.814855390196050280e+02
4.013335159973472628e+02 2.806144209160147511e+02
3.938064682018832059e+02 2.754488585089196704e+02
3.814718926785050712e+02 2.523786541520635183e+02
3.801573871103004763e+02 2.253302863863735297e+02
3.876567962716494549e+02 2.075255452795105953e+02
3.950035095750984055e+02 2.048734363402880945e+02
4.048372443299832071e+02 2.093399081706153879e+02
4.354657100122982456e+02 2.362274442024801147e+02
4.633853617999897665e+02 2.137232728475403860e+02
4.637045728328471341e+02 1.949031602692386400e+02
4.674577322427860508e+02 1.888720776550519531e+02
4.771909352638701307e+02 1.808158499944861433e+02
4.847110734008053896e+02 1.802388365230917771e+02
5.042120277356174256e+02 1.928392605944077332e+02
5.144931438912752810e+02 2.139786228512843991e+02
5.164146363766818695e+02 2.482898247543727734e+02
5.213157861798678141e+02 2.729745903165374443e+02
5.327103444361290485e+02 2.961169213573178922e+02
5.258977249501964479e+02 3.164794684570038612e+02
5.249991656342522219e+02 3.510070504118651797e+02
5.357867369733114629e+02 3.668865473152471850e+02
5.742821904595342630e+02 3.973472608113737579e+02
5.823364224139860426e+02 4.144806855004427462e+02
5.837238210818761672e+02 4.310814492430678229e+02
5.808308761808398231e+02 4.417454333179056221e+02
5.533378768183351895e+02 4.636947674639262118e+02
5.533516961353927854e+02 4.751799192209052194e+02
5.620858081067318608e+02 4.891285740243076816e+02
5.690127786435228927e+02 4.927738781724938235e+02
5.693596283104953955e+02 4.969240691081500927e+02
5.571463134965043764e+02 5.036042918776554984e+02
5.476594284085921345e+02 5.032880109829844741e+02
5.439929814153963434e+02 5.103566413310852568e+02
5.444403628161695679e+02 5.270295317576345724e+02
5.586964308249541773e+02 5.844109380175790420e+02
5.567849611422076350e+02 6.294582506794296251e+02
5.491988395641154739e+02 6.462254440523785206e+02
5.310991032142511585e+02 6.617109354806665351e+02
5.358060992083645715e+02 6.670928779395345600e+02
5.647870289725600514e+02 6.742670070270321503e+02
5.695807373834165901e+02 6.806864972198142141e+02
5.702744367173615956e+02 6.889868790911266387e+02
5.645545303564457527e+02 6.941246673392479352e+02
5.447274553302474942e+02 6.946017799677441644e+02
5.052190914772222072e+02 6.746607971786067992e+02
4.975984216064862835e+02 6.627151111591081190e+02
4.777713465802880819e+02 6.631922237876044619e+02
4.597514129886380942e+02 6.739726870713170683e+02
4.539586135280366648e+02 6.895580793425032198e+02
4.426922256396913440e+02 7.019087513065738904e+02
4.397125683219119310e+02 7.115351876474976507e+02
